42
 3  4  7  1
 3  0 10  2
 3  1 13  3
 3  2 15  4
 3  3  5  0
 3  4 17  6
 3  5 20  7
 3  6  8  0
 3  7 21  9
 3  8 24 10
 3  9 11  1
 3 10 25 12
 3 11 27 13
 3 12 14  2
 3 13 29 15
 3 14 16  3
 3 15 31 17
 3 16 18  5
 3 17 32 19
 3 18 34 20
 3 19 21  6
 3 20 22  8
 3 21 35 23
 3 22 37 24
 3 23 25  9
 3 24 26 11
 3 25 38 27
 3 26 28 12
 3 27 39 29
 3 28 30 14
 3 29 40 31
 3 30 32 16
 3 31 33 18
 3 32 41 34
 3 33 35 19
 3 34 36 22
 3 35 41 37
 3 36 38 23
 3 37 39 26
 3 38 40 28
 3 39 41 30
 3 40 36 33

44
 3  4  7  1
 3  0 10  2
 3  1 13  3
 3  2 16  4
 3  3  5  0
 3  4 18  6
 3  5 21  7
 3  6  8  0
 3  7 22  9
 3  8 25 10
 3  9 11  1
 3 10 26 12
 3 11 29 13
 3 12 14  2
 3 13 30 15
 3 14 33 16
 3 15 17  3
 3 16 34 18
 3 17 19  5
 3 18 35 20
 3 19 37 21
 3 20 22  6
 3 21 23  8
 3 22 38 24
 3 23 40 25
 3 24 26  9
 3 25 27 11
 3 26 40 28
 3 27 42 29
 3 28 30 12
 3 29 31 14
 3 30 42 32
 3 31 43 33
 3 32 34 15
 3 33 35 17
 3 34 36 19
 3 35 43 37
 3 36 38 20
 3 37 39 23
 3 38 41 40
 3 39 27 24
 3 39 43 42
 3 41 31 28
 3 41 36 32

44
 3  5  8  1
 3  0 11  2
 3  1 13  3
 3  2 16  4
 3  3 18  5
 3  4  6  0
 3  5 20  7
 3  6 23  8
 3  7  9  0
 3  8 24 10
 3  9 26 11
 3 10 12  1
 3 11 28 13
 3 12 14  2
 3 13 29 15
 3 14 32 16
 3 15 17  3
 3 16 33 18
 3 17 19  4
 3 18 35 20
 3 19 21  6
 3 20 36 22
 3 21 38 23
 3 22 24  7
 3 23 25  9
 3 24 39 26
 3 25 27 10
 3 26 40 28
 3 27 29 12
 3 28 30 14
 3 29 41 31
 3 30 43 32
 3 31 33 15
 3 32 34 17
 3 33 43 35
 3 34 36 19
 3 35 37 21
 3 36 42 38
 3 37 39 22
 3 38 40 25
 3 39 41 27
 3 40 42 30
 3 41 37 43
 3 42 34 31

46
 3  5  8  1
 3  0 11  2
 3  1 13  3
 3  2 16  4
 3  3 18  5
 3  4  6  0
 3  5 20  7
 3  6 23  8
 3  7  9  0
 3  8 24 10
 3  9 27 11
 3 10 12  1
 3 11 28 13
 3 12 14  2
 3 13 30 15
 3 14 33 16
 3 15 17  3
 3 16 34 18
 3 17 19  4
 3 18 36 20
 3 19 21  6
 3 20 37 22
 3 21 39 23
 3 22 24  7
 3 23 25  9
 3 24 40 26
 3 25 42 27
 3 26 28 10
 3 27 29 12
 3 28 42 30
 3 29 31 14
 3 30 43 32
 3 31 45 33
 3 32 34 15
 3 33 35 17
 3 34 45 36
 3 35 37 19
 3 36 38 21
 3 37 44 39
 3 38 40 22
 3 39 41 25
 3 40 43 42
 3 41 29 26
 3 41 44 31
 3 43 38 45
 3 44 35 32

46
 3  4  8  1
 3  0 11  2
 3  1 14  3
 3  2 16  4
 3  3  5  0
 3  4 18  6
 3  5 20  7
 3  6 23  8
 3  7  9  0
 3  8 24 10
 3  9 27 11
 3 10 12  1
 3 11 28 13
 3 12 30 14
 3 13 15  2
 3 14 32 16
 3 15 17  3
 3 16 33 18
 3 17 19  5
 3 18 35 20
 3 19 21  6
 3 20 37 22
 3 21 39 23
 3 22 24  7
 3 23 25  9
 3 24 39 26
 3 25 41 27
 3 26 28 10
 3 27 29 12
 3 28 42 30
 3 29 31 13
 3 30 43 32
 3 31 33 15
 3 32 34 17
 3 33 44 35
 3 34 36 19
 3 35 45 37
 3 36 38 21
 3 37 40 39
 3 38 25 22
 3 38 45 41
 3 40 42 26
 3 41 43 29
 3 42 44 31
 3 43 45 34
 3 44 40 36

46
 3  5  9  1
 3  0 12  2
 3  1 14  3
 3  2 16  4
 3  3 19  5
 3  4  6  0
 3  5 20  7
 3  6 22  8
 3  7 25  9
 3  8 10  0
 3  9 26 11
 3 10 29 12
 3 11 13  1
 3 12 30 14
 3 13 15  2
 3 14 32 16
 3 15 17  3
 3 16 34 18
 3 17 36 19
 3 18 20  4
 3 19 21  6
 3 20 37 22
 3 21 23  7
 3 22 38 24
 3 23 41 25
 3 24 26  8
 3 25 27 10
 3 26 41 28
 3 27 42 29
 3 28 30 11
 3 29 31 13
 3 30 43 32
 3 31 33 15
 3 32 44 34
 3 33 35 17
 3 34 45 36
 3 35 37 18
 3 36 38 21
 3 37 39 23
 3 38 45 40
 3 39 42 41
 3 40 27 24
 3 40 43 28
 3 42 44 31
 3 43 45 33
 3 44 39 35

46
 3  5  9  1
 3  0 12  2
 3  1 14  3
 3  2 16  4
 3  3 18  5
 3  4  6  0
 3  5 20  7
 3  6 22  8
 3  7 25  9
 3  8 10  0
 3  9 26 11
 3 10 29 12
 3 11 13  1
 3 12 30 14
 3 13 15  2
 3 14 32 16
 3 15 17  3
 3 16 34 18
 3 17 19  4
 3 18 35 20
 3 19 21  6
 3 20 37 22
 3 21 23  7
 3 22 38 24
 3 23 41 25
 3 24 26  8
 3 25 27 10
 3 26 41 28
 3 27 42 29
 3 28 30 11
 3 29 31 13
 3 30 43 32
 3 31 33 15
 3 32 44 34
 3 33 35 17
 3 34 36 19
 3 35 45 37
 3 36 38 21
 3 37 39 23
 3 38 45 40
 3 39 42 41
 3 40 27 24
 3 40 43 28
 3 42 44 31
 3 43 45 33
 3 44 39 36

48
 3  4  8  1
 3  0 11  2
 3  1 14  3
 3  2 17  4
 3  3  5  0
 3  4 19  6
 3  5 21  7
 3  6 24  8
 3  7  9  0
 3  8 25 10
 3  9 28 11
 3 10 12  1
 3 11 29 13
 3 12 32 14
 3 13 15  2
 3 14 33 16
 3 15 35 17
 3 16 18  3
 3 17 36 19
 3 18 20  5
 3 19 38 21
 3 20 22  6
 3 21 39 23
 3 22 42 24
 3 23 25  7
 3 24 26  9
 3 25 42 27
 3 26 44 28
 3 27 29 10
 3 28 30 12
 3 29 44 31
 3 30 45 32
 3 31 33 13
 3 32 34 15
 3 33 46 35
 3 34 36 16
 3 35 37 18
 3 36 47 38
 3 37 39 20
 3 38 40 22
 3 39 47 41
 3 40 43 42
 3 41 26 23
 3 41 45 44
 3 43 30 27
 3 43 46 31
 3 45 47 34
 3 46 40 37

48
 3  5  9  1
 3  0 11  2
 3  1 13  3
 3  2 16  4
 3  3 18  5
 3  4  6  0
 3  5 19  7
 3  6 22  8
 3  7 24  9
 3  8 10  0
 3  9 26 11
 3 10 12  1
 3 11 28 13
 3 12 14  2
 3 13 30 15
 3 14 33 16
 3 15 17  3
 3 16 34 18
 3 17 19  4
 3 18 20  6
 3 19 35 21
 3 20 37 22
 3 21 23  7
 3 22 39 24
 3 23 25  8
 3 24 40 26
 3 25 27 10
 3 26 42 28
 3 27 29 12
 3 28 43 30
 3 29 31 14
 3 30 44 32
 3 31 46 33
 3 32 34 15
 3 33 35 17
 3 34 36 20
 3 35 46 37
 3 36 38 21
 3 37 47 39
 3 38 40 23
 3 39 41 25
 3 40 47 42
 3 41 43 27
 3 42 44 29
 3 43 45 31
 3 44 47 46
 3 45 36 32
 3 45 41 38

48
 3  5  8  1
 3  0 10  2
 3  1 13  3
 3  2 16  4
 3  3 18  5
 3  4  6  0
 3  5 20  7
 3  6 23  8
 3  7  9  0
 3  8 25 10
 3  9 11  1
 3 10 26 12
 3 11 28 13
 3 12 14  2
 3 13 30 15
 3 14 32 16
 3 15 17  3
 3 16 33 18
 3 17 19  4
 3 18 35 20
 3 19 21  6
 3 20 36 22
 3 21 38 23
 3 22 24  7
 3 23 40 25
 3 24 26  9
 3 25 27 11
 3 26 41 28
 3 27 29 12
 3 28 43 30
 3 29 31 14
 3 30 44 32
 3 31 33 15
 3 32 34 17
 3 33 45 35
 3 34 36 19
 3 35 37 21
 3 36 46 38
 3 37 39 22
 3 38 47 40
 3 39 41 24
 3 40 42 27
 3 41 47 43
 3 42 44 29
 3 43 45 31
 3 44 46 34
 3 45 47 37
 3 46 42 39

48
 3  5  8  1
 3  0 11  2
 3  1 13  3
 3  2 16  4
 3  3 18  5
 3  4  6  0
 3  5 19  7
 3  6 22  8
 3  7  9  0
 3  8 23 10
 3  9 26 11
 3 10 12  1
 3 11 28 13
 3 12 14  2
 3 13 29 15
 3 14 32 16
 3 15 17  3
 3 16 34 18
 3 17 19  4
 3 18 20  6
 3 19 35 21
 3 20 38 22
 3 21 23  7
 3 22 24  9
 3 23 39 25
 3 24 41 26
 3 25 27 10
 3 26 43 28
 3 27 29 12
 3 28 30 14
 3 29 43 31
 3 30 44 32
 3 31 33 15
 3 32 46 34
 3 33 35 17
 3 34 36 20
 3 35 46 37
 3 36 47 38
 3 37 39 21
 3 38 40 24
 3 39 47 41
 3 40 42 25
 3 41 44 43
 3 42 30 27
 3 42 45 31
 3 44 47 46
 3 45 36 33
 3 45 40 37

