20
 3  4  7  1
 3  0  9  2
 3  1 11  3
 3  2 13  4
 3  3  5  0
 3  4 14  6
 3  5 16  7
 3  6  8  0
 3  7 17  9
 3  8 10  1
 3  9 18 11
 3 10 12  2
 3 11 19 13
 3 12 14  3
 3 13 15  5
 3 14 19 16
 3 15 17  6
 3 16 18  8
 3 17 19 10
 3 18 15 12

24
 3  4  7  1
 3  0  9  2
 3  1 11  3
 3  2 13  4
 3  3  5  0
 3  4 15  6
 3  5 17  7
 3  6  8  0
 3  7 18  9
 3  8 10  1
 3  9 20 11
 3 10 12  2
 3 11 21 13
 3 12 14  3
 3 13 22 15
 3 14 16  5
 3 15 23 17
 3 16 18  6
 3 17 19  8
 3 18 23 20
 3 19 21 10
 3 20 22 12
 3 21 23 14
 3 22 19 16

28
 3  4  7  1
 3  0  9  2
 3  1 11  3
 3  2 13  4
 3  3  5  0
 3  4 15  6
 3  5 17  7
 3  6  8  0
 3  7 19  9
 3  8 10  1
 3  9 21 11
 3 10 12  2
 3 11 22 13
 3 12 14  3
 3 13 24 15
 3 14 16  5
 3 15 25 17
 3 16 18  6
 3 17 26 19
 3 18 20  8
 3 19 27 21
 3 20 22 10
 3 21 23 12
 3 22 27 24
 3 23 25 14
 3 24 26 16
 3 25 27 18
 3 26 23 20

32
 3  4  7  1
 3  0  9  2
 3  1 11  3
 3  2 14  4
 3  3  5  0
 3  4 16  6
 3  5 18  7
 3  6  8  0
 3  7 20  9
 3  8 10  1
 3  9 22 11
 3 10 12  2
 3 11 23 13
 3 12 25 14
 3 13 15  3
 3 14 27 16
 3 15 17  5
 3 16 28 18
 3 17 19  6
 3 18 29 20
 3 19 21  8
 3 20 31 22
 3 21 23 10
 3 22 24 12
 3 23 31 25
 3 24 26 13
 3 25 30 27
 3 26 28 15
 3 27 29 17
 3 28 30 19
 3 29 26 31
 3 30 24 21

36
 3  4  7  1
 3  0  9  2
 3  1 11  3
 3  2 14  4
 3  3  5  0
 3  4 16  6
 3  5 18  7
 3  6  8  0
 3  7 20  9
 3  8 10  1
 3  9 22 11
 3 10 12  2
 3 11 23 13
 3 12 25 14
 3 13 15  3
 3 14 27 16
 3 15 17  5
 3 16 29 18
 3 17 19  6
 3 18 30 20
 3 19 21  8
 3 20 32 22
 3 21 23 10
 3 22 24 12
 3 23 33 25
 3 24 26 13
 3 25 34 27
 3 26 28 15
 3 27 35 29
 3 28 30 17
 3 29 31 19
 3 30 35 32
 3 31 33 21
 3 32 34 24
 3 33 35 26
 3 34 31 28

36
 3  4  7  1
 3  0  9  2
 3  1 11  3
 3  2 14  4
 3  3  5  0
 3  4 16  6
 3  5 18  7
 3  6  8  0
 3  7 20  9
 3  8 10  1
 3  9 22 11
 3 10 12  2
 3 11 23 13
 3 12 26 14
 3 13 15  3
 3 14 27 16
 3 15 17  5
 3 16 29 18
 3 17 19  6
 3 18 31 20
 3 19 21  8
 3 20 32 22
 3 21 23 10
 3 22 24 12
 3 23 33 25
 3 24 35 26
 3 25 27 13
 3 26 28 15
 3 27 35 29
 3 28 30 17
 3 29 34 31
 3 30 32 19
 3 31 33 21
 3 32 34 24
 3 33 30 35
 3 34 28 25

40
 3  4  7  1
 3  0 10  2
 3  1 12  3
 3  2 15  4
 3  3  5  0
 3  4 17  6
 3  5 19  7
 3  6  8  0
 3  7 21  9
 3  8 23 10
 3  9 11  1
 3 10 25 12
 3 11 13  2
 3 12 26 14
 3 13 29 15
 3 14 16  3
 3 15 30 17
 3 16 18  5
 3 17 32 19
 3 18 20  6
 3 19 33 21
 3 20 22  8
 3 21 35 23
 3 22 24  9
 3 23 37 25
 3 24 26 11
 3 25 27 13
 3 26 37 28
 3 27 38 29
 3 28 30 14
 3 29 31 16
 3 30 39 32
 3 31 33 18
 3 32 34 20
 3 33 39 35
 3 34 36 22
 3 35 38 37
 3 36 27 24
 3 36 39 28
 3 38 34 31

48
 3  4  7  1
 3  0 10  2
 3  1 12  3
 3  2 15  4
 3  3  5  0
 3  4 17  6
 3  5 19  7
 3  6  8  0
 3  7 21  9
 3  8 24 10
 3  9 11  1
 3 10 26 12
 3 11 13  2
 3 12 27 14
 3 13 30 15
 3 14 16  3
 3 15 32 17
 3 16 18  5
 3 17 34 19
 3 18 20  6
 3 19 35 21
 3 20 22  8
 3 21 37 23
 3 22 40 24
 3 23 25  9
 3 24 42 26
 3 25 27 11
 3 26 28 13
 3 27 42 29
 3 28 43 30
 3 29 31 14
 3 30 45 32
 3 31 33 16
 3 32 47 34
 3 33 35 18
 3 34 36 20
 3 35 47 37
 3 36 38 22
 3 37 46 39
 3 38 44 40
 3 39 41 23
 3 40 43 42
 3 41 28 25
 3 41 44 29
 3 43 39 45
 3 44 46 31
 3 45 38 47
 3 46 36 33

60
 3  4  8  1
 3  0 11  2
 3  1 14  3
 3  2 17  4
 3  3  5  0
 3  4 19  6
 3  5 21  7
 3  6 24  8
 3  7  9  0
 3  8 25 10
 3  9 28 11
 3 10 12  1
 3 11 29 13
 3 12 32 14
 3 13 15  2
 3 14 33 16
 3 15 36 17
 3 16 18  3
 3 17 37 19
 3 18 20  5
 3 19 39 21
 3 20 22  6
 3 21 41 23
 3 22 43 24
 3 23 25  7
 3 24 26  9
 3 25 44 27
 3 26 46 28
 3 27 29 10
 3 28 30 12
 3 29 47 31
 3 30 49 32
 3 31 33 13
 3 32 34 15
 3 33 50 35
 3 34 52 36
 3 35 37 16
 3 36 38 18
 3 37 53 39
 3 38 40 20
 3 39 54 41
 3 40 42 22
 3 41 56 43
 3 42 44 23
 3 43 45 26
 3 44 57 46
 3 45 47 27
 3 46 48 30
 3 47 58 49
 3 48 50 31
 3 49 51 34
 3 50 59 52
 3 51 53 35
 3 52 54 38
 3 53 55 40
 3 54 59 56
 3 55 57 42
 3 56 58 45
 3 57 59 48
 3 58 55 51

